,0,1,2,3,4,style_name,top_topic
0,0.0013144365764206662,0.2959329358804798,0.45682736628627796,0.0013163954903119693,0.24460886576650964,American Pale Lager,2
1,0.0004110747635812179,0.0004072643645526841,0.00041305612140269716,0.00041562438079618757,0.9983529803696672,American Pale Lager,4
2,0.004936640058902054,0.004945648927746969,0.004887793765677029,0.6164302149306866,0.36879970231698733,American Pale Lager,3
3,0.00236418576383132,0.4280612923641384,0.38254026692857457,0.0023816908473420317,0.1846525640961137,American Pale Lager,1
4,0.0008133699141670131,0.0008021414036922599,0.0008052132599267746,0.4674174117411185,0.5301618636810954,American Pale Lager,4
5,0.0032858425163885424,0.4644147437345803,0.0032835360160923437,0.003281613726462921,0.5257342640064759,American Pale Lager,4
6,0.0008193279144049283,0.0008189213695820132,0.9966960324956268,0.000840330883383488,0.0008253873370027299,American Pale Lager,2
7,0.0009952197351249998,0.43368360408266926,0.5147910938133015,0.04953763054000636,0.0009924518288978131,American Pale Lager,2
8,0.0016005255366726328,0.3746120562445962,0.3113841048243509,0.3107557718764373,0.0016475415179429988,American Pale Lager,1
9,0.000688151943701341,0.000684493103553032,0.20838078913271693,0.11711164197631942,0.6731349238437093,American Pale Lager,4
10,0.001167577850626667,0.001157673741734559,0.0011701756037073151,0.9953260090480206,0.0011785637559108561,American Pale Lager,3
11,0.00044470232024781167,0.0004349716864508979,0.00043619704563022387,0.06802829328485502,0.930655835662816,American Pale Lager,4
12,0.23300550957090363,0.08654256231313846,0.31681301763256153,0.3330982764999747,0.030540633983421706,American Pale Lager,3
13,0.0013735866917409599,0.0013606500498166486,0.0013587975667066824,0.001381953097672757,0.994525012594063,American Pale Lager,4
14,0.0010531868203259003,0.0010475229414795648,0.8149729889953246,0.181872793596765,0.0010535076461051177,American Pale Lager,2
15,0.0006266379707899961,0.06851664186646624,0.0006092378959448499,0.9296275164485526,0.0006199658182464194,American Pale Lager,3
16,0.5432734349194436,0.0020416903769799794,0.19065648044488723,0.0020372552403759613,0.26199113901831333,American Pale Lager,0
17,0.0008258174366235883,0.0008354128737581672,0.32966022262644235,0.44002817522923116,0.22865037183394477,American Pale Lager,3
18,0.02595866378803023,0.1658340555683721,0.001062984984995561,0.5081013303408328,0.2990429653177693,American Pale Lager,3
19,0.0015678934835690315,0.001558883190015714,0.0015708675609288206,0.9937017216168679,0.0016006341486185895,American Pale Lager,3
20,0.0020602461898009527,0.0020566209862267074,0.0020561995570872096,0.002058094869199512,0.9917688383976856,American Pale Lager,4
21,0.0011019763878511405,0.2748614532114595,0.001112266005209701,0.38006714251324647,0.34285716188223325,American Pale Lager,3
22,0.0005226118044410441,0.0005259475972171469,0.0005220662989054524,0.0005288024288427739,0.9979005718705937,American Pale Lager,4
23,0.0036742905370151973,0.0036569295641871607,0.9853360159797663,0.0036712570765781018,0.0036615068424533086,American Pale Lager,2
24,0.0018839004466686953,0.0018802853255571327,0.9924069796881521,0.0019099956068942647,0.0019188389327277975,American Pale Lager,2
25,0.0036597773840565473,0.0036608594093769545,0.003660229868767716,0.0036575348217716824,0.9853615985160271,American Pale Lager,4
26,0.00335522189222188,0.00341841494942523,0.2961092349619022,0.22898937776733852,0.4681277504291121,American Pale Lager,4
27,0.059526876306514286,0.0012538268792106947,0.9367049068646972,0.0012579590596086426,0.0012564308899692227,American Pale Lager,2
28,0.18550879355093453,0.0026431782065113965,0.0746926060064237,0.002683078977439036,0.7344723432586913,American Pale Lager,4
29,0.0005754128695687819,0.2698466265329607,0.0005810455011995562,0.522608592638524,0.20638832245774702,American Pale Lager,3
30,0.0014297134562390288,0.0014249850817332195,0.2803263715504558,0.71539064719447,0.0014282827171018366,American Pale Lager,3
31,0.000561967828941296,0.0005618308422543854,0.000567317867327313,0.0005630016036426581,0.9977458818578343,American Pale Lager,4
32,0.000994970740262811,0.0009940197828015845,0.9960083450870127,0.0010029826561905337,0.0009996817337323024,American Pale Lager,2
33,0.0012945861096011293,0.05798626706993704,0.0012974903316968285,0.563604994514077,0.37581666197468816,American Pale Lager,3
34,0.0006904120274060806,0.14567479525992977,0.0006895035421126045,0.0007025058180595177,0.852242783352492,American Pale Lager,4
35,0.0017192632279048141,0.0017139390263798215,0.0017145791391201429,0.0017113905739378223,0.9931408280326575,American Pale Lager,4
36,0.561010104166376,0.0004238255257135652,0.09928139697448614,0.3388562538373706,0.0004284194960537668,American Pale Lager,0
37,0.14266017868028627,0.0005811437064372956,0.000585524717145771,0.000581156733655644,0.855591996162475,American Pale Lager,4
38,0.0011594449055126533,0.001157420198846837,0.04040478276943799,0.0011664987292436802,0.9561118533969588,American Pale Lager,4
39,0.0025498889468092297,0.0025553995321081916,0.00255197490633441,0.9897792997988194,0.0025634368159289374,American Pale Lager,3
40,0.0019737287794753763,0.0020062756745543226,0.001972349011891443,0.992066075858799,0.0019815706752798192,American Pale Lager,3
41,0.0010052629837633352,0.0010042917649254037,0.9959770025100959,0.001006639920586747,0.001006802820628573,American Pale Lager,2
42,0.0015251610552001356,0.001526666537152397,0.9938779805134718,0.0015280022472501063,0.0015421896469256988,American Pale Lager,2
43,0.0014769736846613301,0.001476367914477558,0.9940711434559749,0.001491872660177724,0.001483642284708372,American Pale Lager,2
44,0.002715017511837281,0.002715017421133852,0.989134526739083,0.0027154876993089336,0.002719950628636877,American Pale Lager,2
45,0.0026368743946270294,0.002636874340400534,0.9894073960717324,0.0026374889072640828,0.0026813662859760724,American Pale Lager,2
46,0.005614437073446102,0.005617104877077274,0.005611419528065935,0.005609072779170439,0.9775479657422403,American Pale Lager,4
47,0.004130836047368817,0.004130848618590863,0.8621497472459083,0.004154373099279939,0.12543419498885197,American Pale Lager,2
48,0.19164460886783893,0.0012712140676623624,0.0012741021656843391,0.0012683798052129502,0.8045416950936014,American Pale Lager,4
49,0.00316248583447518,0.0031624855713782906,0.9872684795879265,0.003209076044549387,0.003197472961670704,American Pale Lager,2
50,0.07854778041747622,0.00046646198752766066,0.00047163682855343506,0.23012530422044897,0.6903888165459937,American Pale Lager,4
51,0.0017399747376166139,0.0017440739560705663,0.0017509177331813668,0.7689785579105227,0.22578647566260868,American Pale Lager,3
52,0.3265157535891837,0.22118817063823018,0.14313453470724147,0.0010009258884886376,0.30816061517685606,American Pale Lager,0
53,0.00034310030990772626,0.2739241839674133,0.02170158277661335,0.5309920007786297,0.1730391321674359,American Pale Lager,3
54,0.6225431230898636,0.0007367373536782029,0.0007400707499205423,0.3752379501437133,0.0007421186628243535,American Pale Lager,0
55,0.004485400531645115,0.00448539955894017,0.8204499256011497,0.004485403306937992,0.16609387100132703,American Pale Lager,2
56,0.0013973944566600316,0.0014050072126638893,0.0014101250232656784,0.0014446001388469234,0.9943428731685634,American Pale Lager,4
57,0.00036899014791064877,0.00036253116182468617,0.00036262528694108997,0.971433129014027,0.02747272438929649,American Pale Lager,3
58,0.0014881361982311183,0.0014866888606799749,0.32654442090360797,0.001493103307971427,0.6689876507295095,American Pale Lager,4
59,0.0015465488705501936,0.0015463112949045182,0.7112397044886763,0.0015579112904639287,0.2841095240554051,American Pale Lager,2
60,0.002132433989710931,0.0021278332512028064,0.002128187849408737,0.12610619863979283,0.8675053462698846,American Pale Lager,4
61,0.0012604041278484407,0.0012497014903053215,0.0012644057514134342,0.0012709273910610688,0.9949545612393718,American Pale Lager,4
62,0.0030134367333886037,0.0030217931517840437,0.0030575750473993647,0.1918894949994776,0.7990177000679504,American Pale Lager,4
63,0.0010578492835330996,0.4378649408631659,0.331862842297577,0.22814667238183564,0.0010676951738884332,American Pale Lager,1
64,0.0020144334878643743,0.07374409076106307,0.00198519021309712,0.001988180069319434,0.920268105468656,American Pale Lager,4
65,0.004742518100020821,0.00474152797695121,0.004805640192225188,0.6551638641754437,0.33054644955535906,American Pale Lager,3
66,0.0006062282229038421,0.0006134896366891572,0.0006076466167697759,0.05808635484723831,0.9400862806763989,American Pale Lager,4
67,0.07825128650739913,0.00093905001906536,0.91889526509348,0.0009544981850069466,0.0009599001950485567,American Pale Lager,2
68,0.000578219661295628,0.0005679221075818805,0.0005702905859951339,0.2523520991207681,0.7459314685243592,American Pale Lager,4
69,0.06592385083900204,0.0012348643852770553,0.859930779149535,0.0012579981452109552,0.07165250748097508,American Pale Lager,2
70,0.006404491579778135,0.006411028876137058,0.00643194630332937,0.006414884738620948,0.9743376485021344,American Pale Lager,4
71,0.5078465710246254,0.0009573526341412344,0.0009647248060483225,0.12787348639281879,0.36235786514236623,American Pale Lager,0
72,0.0011213928495764594,0.0011198078119380314,0.14174145782847702,0.8548881546943146,0.0011291868156939595,American Pale Lager,3
73,0.0006644873937511054,0.0006603045149745901,0.174409276904701,0.7468136635069678,0.07745226767960564,American Pale Lager,3
74,0.6482116922086416,0.0025939504862427286,0.0025923172031830383,0.09712005901842136,0.2494819810835114,American Pale Lager,0
75,0.000691956569417472,0.0006926605163151997,0.0006953088506654626,0.0006959660340815599,0.9972241080295202,American Pale Lager,4
76,0.00023703485635699956,0.00023806642147453322,0.9990420154588983,0.00023882460634481578,0.00024405865692529862,American Pale Lager,2
77,0.0007753164233120894,0.06778514680176412,0.37073904138530883,0.4096152525978719,0.15108524279174304,American Pale Lager,3
78,0.46139965335132466,0.0017973115177482679,0.0017973633780170915,0.44304944934146906,0.09195622241144091,American Pale Lager,0
79,0.0005646039326762498,0.0005609885658958048,0.9977457486449324,0.0005650916256718405,0.0005635672308236053,American Pale Lager,2
80,0.0005936679099628531,0.0005949687131571095,0.9976081548339971,0.0005957977255658503,0.0006074108173171832,American Pale Lager,2
81,0.0006828382534335625,0.0006833427348023952,0.9972558331461343,0.0006905899280848723,0.0006873959375448868,American Pale Lager,2
82,0.0006069322569974658,0.000602756689925338,0.0006055837774157158,0.9589885507641667,0.03919617651149484,American Pale Lager,3
83,0.0013690945865540473,0.0013755210779363388,0.0013689469731493454,0.1779678023933263,0.817918634969034,American Pale Lager,4
84,0.00047140965839058174,0.0004652438475141226,0.5365001977416485,0.0004693058205803314,0.4620938429318664,American Pale Lager,2
85,0.0037026293445395694,0.17321825787118156,0.19413324421899403,0.0037398380247299348,0.625206030540555,American Pale Lager,4
86,0.0006583836278708986,0.03883008439845087,0.38677089708764134,0.060085040735942855,0.513655594150094,American Pale Lager,4
87,0.14860568852304393,0.0006166731310341436,0.0006219977257935075,0.18514278831459088,0.6650128523055376,American Pale Lager,4
88,0.1688617159441253,0.0008303204351299673,0.18565801047492417,0.37851087672902867,0.26613907641679196,American Pale Lager,3
89,0.0006355027148824342,0.3840313790936994,0.12946635274892834,0.32571821835888615,0.16014854708360352,American Pale Lager,1
90,0.007518716949843025,0.3329916657318826,0.6446352313101641,0.007353196233842229,0.007501189774267953,American Pale Lager,2
91,0.0076741293890873665,0.00767412918494288,0.9693034729601542,0.007674134075614327,0.00767413439020121,American Pale Lager,2
92,0.0010321773917310977,0.0010369686016295017,0.0010445145639960405,0.813226577090821,0.18365976235182233,American Pale Lager,3
93,0.0013155510521049682,0.001310139751336375,0.001314536116712505,0.0013285042250097648,0.9947312688548364,American Pale Lager,4
94,0.0008910863258546392,0.0008816047136412264,0.9964505891197929,0.0008914533460844715,0.0008852664946267073,American Pale Lager,2
95,0.0006537448547876194,0.6732986973845292,0.2199990920066465,0.035635243058551015,0.07041322269548583,American Pale Lager,1
96,0.0007377221151734538,0.0007395614139147507,0.0007419677487600362,0.0007424593012110702,0.9970382894209406,American Pale Lager,4
97,0.6486300749428513,0.0014972096984178075,0.0015072468357181634,0.08921079265758261,0.25915467586543023,American Pale Lager,0
98,0.0009672620170001293,0.0009615512894169892,0.0009637059423631246,0.06150826728483594,0.9355992134663839,American Pale Lager,4
99,0.000571180338731316,0.0005681211662358805,0.9488873107398701,0.04940386311463688,0.0005695246405258766,American Pale Lager,2
100,0.0016298254744518416,0.001631511134953603,0.9934622657621826,0.0016459145222613063,0.001630483106150738,American Pale Lager,2
101,0.000506669484019947,0.000508691941496226,0.99795878507194,0.0005126160075198114,0.0005132374950240592,American Pale Lager,2
102,0.8176633078555089,0.0012822648615937382,0.0012877939494290052,0.0012908497185479565,0.1784757836149203,American Pale Lager,0
103,0.45719892683583896,0.0007466230310023626,0.0007561976981938911,0.3088944601926752,0.23240379224228974,American Pale Lager,0
104,0.03141501065956413,0.4592862273756865,0.0004831637670650426,0.23391546085107923,0.274900137346605,American Pale Lager,1
105,0.0018838737786228293,0.0018838736284170275,0.0018838906271040376,0.0018838744353167451,0.9924644875305393,American Pale Lager,4
106,0.0009157895775326344,0.06516976068242053,0.3160189287215001,0.26308564963105385,0.35480987138749287,American Pale Lager,4
107,0.17724697627899522,0.0009933789231020506,0.48805486447475654,0.0010061040073248808,0.3326986763158213,American Pale Lager,2
108,0.20021230363074521,0.0006407829615407784,0.0006502135603045903,0.6409547698999798,0.15754192994742966,American Pale Lager,3
109,0.0004328120471597707,0.0004263784094508591,0.0004268494143866448,0.9982846681382118,0.00042929199079093074,American Pale Lager,3
110,0.002152232686699572,0.0021131981209652805,0.0021257009582875963,0.0021363337385489466,0.9914725344954987,American Pale Lager,4
111,0.0005529402881676012,0.0005551222671039009,0.9977728810662508,0.000557833488532655,0.0005612228899451229,American Pale Lager,2
112,0.0015285946129276844,0.001534065223458226,0.001527328526562563,0.0015328556776531405,0.9938771559593985,American Pale Lager,4
113,0.0027043672002774713,0.0027680751706429143,0.9891779700021354,0.0026815424668038064,0.002668045160140443,American Pale Lager,2
114,0.9058714682603145,0.0013355861249471,0.0013497027179933665,0.001344037989616381,0.09009920490712872,American Pale Lager,0
115,0.25996220173050477,0.004310214740417111,0.7269770245009073,0.004319872465600643,0.004430686562570232,American Pale Lager,2
116,0.0013887478417411332,0.0013868660615228416,0.40389554276472545,0.27515440022660703,0.31817444310540355,American Pale Lager,2
117,0.0020771971319228097,0.0020772258682253716,0.3016830420361609,0.0020796658769800082,0.6920828690867109,American Pale Lager,4
118,0.16965058043458686,0.0007006399144602355,0.000708617776790998,0.8282270585415721,0.0007131033325897942,American Pale Lager,3
119,0.0027912911296677193,0.0028236271742617513,0.8945263740294124,0.0027750730894882635,0.09708363457717005,American Pale Lager,2
120,0.0031419419692925864,0.0031538139992816397,0.9107854061690904,0.0031376185168007814,0.07978121934553459,American Pale Lager,2
121,0.06441965946061534,0.0006079420012840523,0.7349315693624454,0.1994144193568502,0.0006264098188048839,American Pale Lager,2
122,0.001017220457751636,0.0010070573626261609,0.001013683372545486,0.8415305708475558,0.15543146795952104,American Pale Lager,3
123,0.000372811895190779,0.0003724128027627182,0.0003757185336459518,0.8132719605608848,0.1856070962075159,American Pale Lager,3
124,0.000713774393677154,0.0007128780032569662,0.5819267886649941,0.4159309673700493,0.0007155915680224588,American Pale Lager,2
125,0.11463650956588878,0.0005571103434614662,0.8836887904320391,0.0005574093698208945,0.0005601802887898373,American Pale Lager,2
126,0.000547249109004963,0.2959259708947054,0.1064351681684162,0.59653988129587,0.0005517305320034961,American Pale Lager,3
127,0.0004980641621783557,0.0005027354398473685,0.06316128397423093,0.9353287956559272,0.0005091207678161849,American Pale Lager,3
128,0.4455440849285466,0.0010958719650431723,0.09656855105374963,0.0010960566236622267,0.4556954354289985,American Pale Lager,4
129,0.11643930788611277,0.00012932056562069074,0.00013037726533826288,0.10707938688143487,0.7762216074014934,American Pale Lager,4
130,0.0003365088736063662,0.0544972232510529,0.4153501851083941,0.449184090685053,0.08063199208189356,American Pale Lager,3
131,0.27456476064090596,0.0005991565368432737,0.0006096815263763964,0.16633751802925634,0.5578888832666181,American Pale Lager,4
132,0.0006993440253180158,0.0006962074478311161,0.038175757312528334,0.12208202255578765,0.8383466686585349,American Pale Lager,4
133,0.0007342060873338895,0.0007238845558779528,0.0007272336518938359,0.5096035432347095,0.4882111324701849,American Pale Lager,3
134,0.07159928362302163,0.0005989167195194829,0.000611902323518026,0.07253175875758204,0.8546581385763588,American Pale Lager,4
135,0.00013986856280354755,0.00013931667994430743,0.00014002924255802665,0.9994411709383441,0.0001396145763501085,American Pale Lager,3
136,0.000844960930138844,0.024770981772552776,0.0008481884686519482,0.0008440346077933639,0.972691834220863,American Pale Lager,4
137,0.00045268441156487297,0.0004587640614429117,0.19943052685092255,0.5310452213725797,0.2686128033034901,American Pale Lager,3
138,0.0007529762390679029,0.0007554832952675769,0.0007612733083639513,0.27968161878723424,0.7180486483700664,American Pale Lager,4
139,0.015900422669621706,0.000421263212478077,0.24162273660538178,0.3059540410973105,0.436101536415208,American Pale Lager,4
140,0.0011572840203658867,0.0011543671307309281,0.9953489596391979,0.0011813443603857915,0.0011580448493193876,American Pale Lager,2
141,0.866301159604901,0.002429613576293397,0.12638362405345652,0.0024303811989051984,0.0024552215664439716,American Pale Lager,0
142,0.0020080657804144417,0.0020181221694502032,0.0020064284757825325,0.0020033648260333174,0.9919640187483195,American Pale Lager,4
143,0.0012168117423293448,0.00119847797904043,0.5597818789514908,0.20092831491385624,0.23687451641328316,American Pale Lager,2
144,0.0003036035748747909,0.0003021690585478451,0.5065095566443186,0.26521711665906794,0.22766755406319086,American Pale Lager,2
145,0.041822921900795285,0.00103389238169285,0.17221898189588095,0.17210619636559643,0.6128180074560345,American Pale Lager,4
146,0.00023283017289626358,0.036777877850679624,0.2901957180608711,0.0002369265798342381,0.6725566473357187,American Pale Lager,4
147,0.00028865044322935854,0.00028441070747180854,0.06849432298653474,0.00029209871651876594,0.9306405171462453,American Pale Lager,4
148,0.0005980177276107688,0.000593792825128272,0.0005978479741395774,0.3740053743041093,0.6242049671690122,American Pale Lager,4
149,0.7936253127944932,0.0016393844056162064,0.0016565816420099579,0.20140625866448603,0.0016724624933945897,American Pale Lager,0
150,0.0005646002069048195,0.000565398883074659,0.4649538095728075,0.0005773926814626108,0.5333387986557504,American Pale Lager,4
151,0.00034624647462454076,0.000347058358226074,0.47216402733122304,0.08952713053104136,0.43761553730488506,American Pale Lager,2
152,0.1311862515845264,0.19608694686226966,0.09640453422881214,0.22005674693990887,0.3562655203844831,American Pale Lager,4
153,0.00043662420788273846,0.0004340090114949513,0.15746480577805552,0.7187428386850201,0.12292172231754664,American Pale Lager,3
154,0.0005212312156703827,0.000524174398596551,0.0005213336057216751,0.6499028978709358,0.34853036290907546,American Pale Lager,3
155,0.0005199351031771248,0.0005224282231488488,0.14834752119743372,0.5252642981299019,0.32534581734633844,American Pale Lager,3
156,0.0007607300125612549,0.0809672939031856,0.47593542524092464,0.0007756281631268003,0.4415609226802016,American Pale Lager,2
157,0.0014972776083363112,0.0015073759328647278,0.8378774567022081,0.0015064023646660539,0.15761148739192482,American Pale Lager,2
158,0.23198687301759394,0.001385922713519338,0.10327123513073146,0.08022743679335005,0.5831285323448053,American Pale Lager,4
159,0.0008051175076210633,0.03738940468284454,0.08777663946025438,0.13690450201505813,0.7371243363342219,American Pale Lager,4
160,0.0007018057453477463,0.0006969500725251034,0.0007017169199610655,0.13241253067147873,0.8654869965906874,American Pale Lager,4
161,0.0014048149809370533,0.0014069936653759295,0.0014142903777124866,0.9943588317239439,0.0014150692520307094,American Pale Lager,3
162,0.07532169824268495,0.0007196880928971605,0.07140583361785205,0.4746117833082561,0.3779409967383098,American Pale Lager,3
163,0.00046259774614752796,0.0004604128773482304,0.5711117264338397,0.018994007505035517,0.4089712554376291,American Pale Lager,2
164,0.0012246592622666538,0.0012186625575709988,0.14780643549779943,0.20425105181325437,0.6454991908691086,American Pale Lager,4
165,0.00117391050401095,0.001183426210774985,0.07239725334136789,0.20641242910167285,0.7188329808421733,American Pale Lager,4
166,0.0003060037083818714,0.0003020946944620617,0.00030760100545026726,0.5427275971865901,0.45635670340511564,American Pale Lager,3
167,0.0006731206303423836,0.12644512793540483,0.000673128633894171,0.000674310113659742,0.8715343126866989,American Pale Lager,4
168,0.06545329017221303,0.014854870919470013,0.8513216101559222,0.06767066455532454,0.0006995641970701272,American Pale Lager,2
169,0.0010049492907887826,0.0010083550389461831,0.8418890454698175,0.1550892156630018,0.0010084345374456493,American Pale Lager,2
170,0.0011074205688574503,0.0011074609418536682,0.4150282419701599,0.5816463366383048,0.0011105398808241055,American Pale Lager,3
171,0.0004669987145739886,0.00046322374345913347,0.44978022278736757,0.04741559156633695,0.5018739631882624,American Pale Lager,4
172,0.017047180972928438,0.00029908254908367923,0.5736909156875243,0.2018498480777751,0.20711297271268847,American Pale Lager,2
173,0.0007954371045484379,0.0007979470137708207,0.8667744441971812,0.09005348225610962,0.04157868942838991,American Pale Lager,2
174,0.20967235889612795,0.0006314462711870833,0.000628415118627401,0.23352148020587266,0.5555462995081848,American Pale Lager,4
175,0.0005618364714006087,0.000559915419236898,0.21289408054954245,0.07819409387709778,0.7077900736827223,American Pale Lager,4
176,0.5863224220709707,0.0012086637955099659,0.0012076914844774472,0.0012092249194242738,0.41005199772961765,American Pale Lager,0
177,0.0009410789682377542,0.0009335738222947494,0.0009371571912052593,0.14347535340508266,0.8537128366131796,American Pale Lager,4
178,0.0004340577792371163,0.00043393256362517956,0.34054783631372587,0.0004396177109386992,0.6581445556324731,American Pale Lager,4
179,0.20468566597642626,0.0007016503198619182,0.0007173909045153926,0.12240284653375622,0.6714924462654402,American Pale Lager,4
180,0.0006253791032640297,0.000625718010171904,0.7816882001796341,0.08989566452974178,0.12716503817718822,American Pale Lager,2
181,0.0006911527694897779,0.0006865161239295199,0.311717188313862,0.02940510412185454,0.6575000386708642,American Pale Lager,4
182,0.4889836385465759,0.0007712045500362088,0.0007994898122031651,0.0007836400215233797,0.5086620270696615,American Pale Lager,4
183,0.002462279048849196,0.3352262333778919,0.0024608846916973582,0.0024605932145795213,0.6573900096669819,American Pale Lager,4
184,0.0007929596752362855,0.0007849353805832314,0.6942609461024353,0.17563227099396553,0.12852888784777972,American Pale Lager,2
185,0.04754606604353924,0.000559949685950139,0.8834527820436971,0.06787476838569893,0.0005664338411144578,American Pale Lager,2
186,0.24514995886219043,0.005147496835199599,0.005116107421776587,0.005188647411560804,0.7393977894692726,American Pale Lager,4
187,0.026770933770005088,0.01387754237861246,0.000635922754207435,0.4623179559571539,0.4963976451400211,American Pale Lager,4
188,0.0007700505571502457,0.0007731898717927768,0.0007726744836719038,0.0007767188981052227,0.9969073661892799,American Pale Lager,4
189,0.000776493947976511,0.0007787914696476366,0.777227142562503,0.22042064354092944,0.0007969284789433995,American Pale Lager,2
190,0.00019145863287927168,0.00019139046958860316,0.013948806295636924,0.811628296571514,0.1740400480303812,American Pale Lager,3
191,0.3088091687594062,0.0013280878407433887,0.001336943398398454,0.03963709199490741,0.6488887080065446,American Pale Lager,4
192,0.0006011450260780407,0.0005932482400349428,0.3500265272768655,0.4605075877724877,0.1882714916845338,American Pale Lager,3
193,0.00044882877199263347,0.000449635450016024,0.04616872106108464,0.6044916025596835,0.34844121215722323,American Pale Lager,3
194,0.0009784556867236244,0.08588135300030936,0.0009863126433109547,0.2509547497782105,0.6611991288914456,American Pale Lager,4
195,0.45024806256298294,0.0021028317093846954,0.002102448641905247,0.0021371920563945886,0.5434094650293325,American Pale Lager,4
196,0.0005898445451867207,0.0005925138699387364,0.0005989672830945123,0.2907655431395604,0.7074531311622196,American Pale Lager,4
197,0.000777291884909504,0.12443774793803665,0.34150324128909565,0.0820083863333159,0.4512733325546424,American Pale Lager,4
198,0.0005816698968215688,0.0005748143378496152,0.11610971161820989,0.000588348641565041,0.8821454555055539,American Pale Lager,4
199,0.0013205753207354847,0.0013148898330058996,0.112327103105593,0.271284683767467,0.6137527479731986,American Pale Lager,4
200,0.26959163309166356,0.0007952759119206964,0.00080618831704401,0.000796472149166715,0.7280104305302051,American Pale Lager,4
201,0.0009447871260288424,0.0009625933409588289,0.5520495182406178,0.08429363251330321,0.3617494687790914,American Pale Lager,2
202,0.002136637088275605,0.0021495563222066467,0.0021366944446874945,0.8729098625003042,0.12066724964452609,American Pale Lager,3
203,0.0003435307465223397,0.0003366767039389901,0.029070796391688025,0.15936626053093386,0.8108827356269167,American Pale Lager,4
204,0.0007424361706552653,0.0007395522533142394,0.5859544045581715,0.034646222078684515,0.3779173849391745,American Pale Lager,2
205,0.0008417937625760704,0.05030444285367611,0.0509565264427373,0.03716258175370237,0.8607346551873082,American Pale Lager,4
206,0.0006004151688713425,0.0006006259480906738,0.07329754355107371,0.26981254793307924,0.6556888673988851,American Pale Lager,4
207,0.036410065736940826,0.0006572362323195821,0.5537593393468514,0.31141906024302524,0.0977542984408629,American Pale Lager,2
208,0.0008050267310535953,0.0007787258488885171,0.0007914898258013337,0.035286400141582235,0.9623383574526744,American Pale Lager,4
209,0.31893069947748365,0.0004821009180547989,0.11185896471525032,0.0004951063319242732,0.5682331285572871,American Pale Lager,4
210,0.000856108413087166,0.000843198100166828,0.8226611538618702,0.11258504555527232,0.06305449406960335,American Pale Lager,2
211,0.000919730511330353,0.0009174118382394479,0.19180486909466188,0.805427581915842,0.0009304066399263544,American Pale Lager,3
212,0.08559952879165234,0.00046824888849646883,0.742580413022837,0.03424626175591035,0.13710554754110393,American Pale Lager,2
213,0.0007986914821360302,0.0007990580445128714,0.0008014900865306467,0.919056611613109,0.0785441487737114,American Pale Lager,3
214,0.42375580808686947,0.0008377649939071514,0.383033128476313,0.0008633300769528972,0.1915099683659575,American Pale Lager,0
215,0.3684961016261058,0.0007007594366570069,0.0006988332848115188,0.0006984116423594962,0.6294058940100663,American Pale Lager,4
216,0.13310112243252964,0.0008333467493334743,0.08522087898828426,0.0008336903621935503,0.7800109614676591,American Pale Lager,4
217,0.002312769199151182,0.0023080092773620727,0.0023116973196838477,0.990759510398991,0.002308013804811805,American Pale Lager,3
218,0.0004994055833099329,0.0005007651825126273,0.0005071030538243819,0.9979913656961731,0.0005013604841800878,American Pale Lager,3
219,0.0006411066713682,0.0006412121160964918,0.0006460689687331637,0.295094507301012,0.7029771049427902,American Pale Lager,4
220,0.0008995430274038101,0.000898099782998185,0.5428327108325101,0.4544669857218856,0.0009026606352023525,American Pale Lager,2
221,0.1327493508306774,0.00043868449858819526,0.16114395604535464,0.4658193923790044,0.23984861624637535,American Pale Lager,3
222,0.0009047687238715644,0.0009016027920829645,0.9963699028569197,0.0009166323483716212,0.0009070932787541969,American Pale Lager,2
223,0.0005400033089493895,0.0005381625329564156,0.5438223679732711,0.1662850894552743,0.2888143767295487,American Pale Lager,2
224,0.1342392586373075,0.0005500049235171492,0.8640875251269878,0.0005680958272176455,0.0005551154849699479,American Pale Lager,2
225,0.36100376941296913,0.0013988410065223506,0.001409795206896788,0.07419847489585947,0.5619891194777521,American Pale Lager,4
226,0.10470404862380377,0.0005866367794904217,0.025919306460423588,0.2130993729424165,0.6556906351938657,American Pale Lager,4
227,0.0005288238512995632,0.0005261065939185533,0.000527557051299942,0.6649777905744645,0.33343972192901744,American Pale Lager,3
228,0.28880711149432703,0.0008126985547746455,0.53046203425501,0.17908395689221956,0.0008341988036685996,American Pale Lager,2
229,0.0008638120676897459,0.03618899712869268,0.7981243559672956,0.000866392564293894,0.16395644227202807,American Pale Lager,2
230,0.0005940161665317677,0.000594096625756084,0.5818151143327019,0.11805723077770254,0.29893954209730766,American Pale Lager,2
231,0.0005258828303062283,0.0005289367716192078,0.07158874253472736,0.6226316325482519,0.3047248053150954,American Pale Lager,3
232,0.09663863291472376,0.00031644020041336567,0.08301848182109682,0.8197081936657595,0.00031825139800643805,American Pale Lager,3
233,0.1629372858087884,0.0010075705422339142,0.4015875847130527,0.1896770630425204,0.24479049589340449,American Pale Lager,2
234,0.0007730172862632137,0.0007839135968380125,0.07689057820855555,0.5158867068020779,0.4056657841062652,American Pale Lager,3
235,0.0006606858207782123,0.0006645843977012564,0.8609202506002657,0.0006702039864620609,0.1370842751947927,American Pale Lager,2
236,0.08360124160175333,0.0004905138062157394,0.7231231155613754,0.19228360039338846,0.0005015286372671277,American Pale Lager,2
237,0.09563308421822228,0.0006085071061616772,0.5013445055647943,0.15471860674716192,0.2476952963636598,American Pale Lager,2
238,0.551928250067625,0.0009229070952350015,0.0009399950799467497,0.2747114193425955,0.17149742841459775,American Pale Lager,0
239,0.4016218790294428,0.0008843384524733915,0.4012306862986308,0.0008892633491518019,0.1953738328703012,American Pale Lager,0
240,0.0972672835825603,0.00032210901423420204,0.00032443282683961483,0.09330361235426997,0.808782562222096,American Pale Lager,4
241,0.001057116005570261,0.001058627012457881,0.0010742837158454986,0.0010893189957805857,0.9957206542703457,American Pale Lager,4
242,0.0010946671130588207,0.0010951797856528802,0.00111745160293961,0.30905669369041555,0.6876360078079331,American Pale Lager,4
243,0.0005328165269228788,0.0005314263643424722,0.3088232444703701,0.5170690530378766,0.1730434596004881,American Pale Lager,3
244,0.0013155612450525816,0.0013090979239680884,0.9947041514124225,0.001320276057663184,0.0013509133608937142,American Pale Lager,2
245,0.0007975734325154097,0.0008007887338520569,0.0008072512310389704,0.22494502414157674,0.7726493624610168,American Pale Lager,4
246,0.07385611908188403,0.0007661983380264083,0.27912087520656187,0.6455007359081026,0.0007560714654249776,American Pale Lager,3
247,0.0011974249932017755,0.001192234283202864,0.0012169007519564345,0.5490144893503823,0.44737895062125665,American Pale Lager,3
248,0.6266997832300377,0.0006708669002844965,0.0006749233282486908,0.37127391986298663,0.000680506678442501,American Pale Lager,0
249,0.37985899183628524,0.0006238065893512259,0.3167562526316605,0.10880059713014133,0.19396035181256163,American Pale Lager,0
250,0.0013512232571029565,0.0013547364006373439,0.1098630788199781,0.8860608456446508,0.0013701158776306963,American Pale Lager,3
251,0.0008464059836431778,0.0008406424615562917,0.1521772764012981,0.845273996802599,0.0008616783509035154,American Pale Lager,3
252,0.19395362985005862,0.001452633058637021,0.0014598115960996608,0.8016713301770733,0.0014625953181314313,American Pale Lager,3
253,0.12495563164331706,0.2759922547182881,0.0008820050863996313,0.5972825418024738,0.0008875667495214036,American Pale Lager,3
254,0.17164397156991124,0.0006425991235282844,0.23359123852873456,0.03429427603861377,0.5598279147392121,American Pale Lager,4
255,0.9152851371415042,0.002276225285563055,0.0022761381787609466,0.07781251183490819,0.0023499875592636645,American Pale Lager,0
256,0.10564608760485819,0.0022727716349680727,0.0022727815448794157,0.8875269350957447,0.002281424119549759,American Pale Lager,3
257,0.0005848581477724627,0.0005805535746773886,0.7294556734087416,0.26878636488920044,0.0005925499796081817,American Pale Lager,2
258,0.0026436597495551302,0.0026246403996669668,0.6163019627576422,0.0026576761978003146,0.3757720608953355,American Pale Lager,2
259,0.00044505066140064384,0.000451736308496185,0.17305273933660095,0.8256026298059628,0.0004478438875394498,American Pale Lager,3
260,0.06450886778844814,0.0008788161618405315,0.4152036558440568,0.49129362120293846,0.028115039002716148,American Pale Lager,3
261,0.002787561071904118,0.40458649961430887,0.4633232076120789,0.002727708855438326,0.12657502284626984,American Pale Lager,2
262,0.39985156150044415,0.3302968535436908,0.0992198070644151,0.1697891002362792,0.000842677655170669,American Pale Lager,0
263,0.001225374818382553,0.3776118200092245,0.0012502403191362022,0.61868483745663,0.0012277273966266973,American Pale Lager,3
264,0.0010063364669271188,0.0010078373506490093,0.001005096698499207,0.8141396365439757,0.18284109293994896,American Pale Lager,3
265,0.6761266779110685,0.0009802119912561793,0.10935427115915249,0.2125637395677894,0.0009750993707334563,American Pale Lager,0
266,0.0005667621020397918,0.03160373899039821,0.049749690314159926,0.9175174436199799,0.0005623649734220837,American Pale Lager,3
267,0.0010363958276087828,0.0010286545872794993,0.0010541376201095884,0.9958407544744171,0.0010400574905850136,American Pale Lager,3
268,0.054157286527208824,0.0005140714484622561,0.27897800480311835,0.45570280514851197,0.2106478320726986,American Pale Lager,3
269,0.38530317724378205,0.0006137194390502958,0.031025822954181898,0.5824485213679116,0.0006087589950740526,American Pale Lager,3
270,0.7275379486648403,0.0022536055548460668,0.15366776524185652,0.0022660581127982513,0.11427462242565893,American Pale Lager,0
271,0.004705200081584389,0.0047641953332529085,0.004707165081876754,0.4842343204763356,0.5015891190269504,American Pale Lager,4
272,0.0005587554658794483,0.0005552567795483435,0.0005615155309215642,0.48387505483393484,0.5144494173897157,American Pale Lager,4
273,0.03463838717991104,0.15297766581059782,0.06335846192294721,0.7486021864152342,0.00042329867130968575,American Pale Lager,3
274,0.26722152301334895,0.00028771637372498394,0.11507580381662101,0.5906906077411354,0.0267243490551698,American Pale Lager,3
275,0.0034695047943445146,0.6980428402707527,0.003486351202148281,0.2451791378070242,0.049822165925730376,American Pale Lager,1
276,0.15563194602234875,0.0006991258740268432,0.038883308552341234,0.8040850447357867,0.0007005748154964345,American Pale Lager,3
277,0.31249683044357185,0.0015555181050678716,0.001561709492728915,0.6176626690884875,0.06672327287014392,American Pale Lager,3
278,0.08854261140540932,0.0016861999640216266,0.7699677211304898,0.13811641709423808,0.0016870504058410299,American Pale Lager,2
279,0.0001092431123503485,0.00010911412968680246,0.00010924467617486873,0.9995632448870712,0.00010915319471680895,American Pale Lager,3
280,0.0009074121401253526,0.09131992526739548,0.26314090795282646,0.6437238032250494,0.0009079514146033386,American Pale Lager,3
281,0.0006913103737026433,0.0006985080270529913,0.0006909264047543562,0.9972213542325498,0.0006979009619402668,American Pale Lager,3
282,0.4494319050062701,0.0010620354660159023,0.3540061317008658,0.19443696532112248,0.0010629625057256384,American Pale Lager,0
283,0.0017412803297487901,0.09230554562588182,0.7399933028829647,0.0017351135473246749,0.16422475761407992,American Pale Lager,2
284,0.0008963494419056745,0.1911091148157201,0.0009038975016587322,0.37170900488295155,0.435381633357764,American Pale Lager,4
285,0.1830919478727581,0.000512762944401056,0.10939322358556797,0.2922364837383801,0.4147655818588928,American Pale Lager,4
286,0.16695699689470506,0.0008847927861269505,0.0009010649996265039,0.8303642658674598,0.0008928794520816238,American Pale Lager,3
287,0.07283157707352121,0.0016992385471643993,0.0016756646370526867,0.9221140033286677,0.0016795164135939957,American Pale Lager,3
288,0.04110403976214078,0.018260628162325095,0.7632617967897072,0.1766820292614905,0.0006915060243364953,American Pale Lager,2
289,0.0006173637784014847,0.13376046958590967,0.0006187444764078899,0.27003962542796045,0.5949637967313206,American Pale Lager,4
290,0.002788907730360073,0.0027821190841613793,0.537151663651068,0.4544245641770927,0.002852745357317745,American Pale Lager,2
291,0.0004916000113345247,0.0004913170249799144,0.0004945576317964709,0.9980317215648556,0.0004908037670334752,American Pale Lager,3
292,0.001045175078108257,0.001026578384554102,0.0010294317881614395,0.9608669767423423,0.03603183800683388,American Pale Lager,3
293,0.0010763109881627533,0.021329566698969793,0.00105045492683539,0.9754841552957073,0.0010595120903247974,American Pale Lager,3
294,0.05190484449983506,0.00035409652068920153,0.00035047424988707694,0.588518580738382,0.35887200399120667,American Pale Lager,3
295,0.0036775414585004163,0.1546560209923534,0.19284537588546014,0.2892859818327206,0.35953507983096555,American Pale Lager,4
296,0.0008030094029190491,0.1520696300224374,0.05481553672546982,0.7915042795519348,0.0008075442972389092,American Pale Lager,3
297,0.06965594478657232,0.03002096387426198,0.3302157495989811,0.5508900269053358,0.01921731483484881,American Pale Lager,3
298,0.0020367885767977956,0.8040913557384062,0.0020354534662925202,0.18978166407887143,0.0020547381396320125,American Pale Lager,1
299,0.0005799422103715577,0.0005816263677338262,0.0005791675701011608,0.7547998064628761,0.2434594573889173,American Pale Lager,3
300,0.07447367269149688,0.002054217138668773,0.9193051453635505,0.0021127458161841663,0.002054218990099741,American Pale Lager,2
301,0.0007209589018728804,0.000721175196030055,0.015529736245479198,0.6286908207502598,0.35433730890635795,American Pale Lager,3
302,0.0008902069313582745,0.1488877396241659,0.000883697386153532,0.521610353322859,0.3277280027354632,American Pale Lager,3
303,0.00038168266833395675,0.21003839678109004,0.03319119580999562,0.6335929189120494,0.12279580582853108,American Pale Lager,3
304,0.0011357128132249601,0.1878904698329038,0.0011412774719040094,0.8086832832679484,0.001149256614018824,American Pale Lager,3
305,0.0007367917928551326,0.0007383198882619959,0.27127448167932244,0.12992552890740064,0.5973248777321598,American Pale Lager,4
306,0.003248886648675132,0.003248886217279784,0.4284288551621921,0.003248891044705802,0.5618244809271471,American Pale Lager,4
307,0.28034915418646456,0.10751085416104181,0.032955536850047665,0.5783574695019126,0.0008269853005333342,American Pale Lager,3
308,0.04786627126108755,0.0009802220814518292,0.04490592628792221,0.34192636158563094,0.5643212187839075,American Pale Lager,4
309,0.17108229256633517,0.0005604582995149547,0.0005596032609380446,0.3489635241472973,0.4788341217259146,American Pale Lager,4
